BOF: C0
protocol_id: 11
msg_type: 01
length: 01 1A  = 282

session_id: E1 00
p_context_id: 00 02

ro_type: 00 01 
length: 01 12 = 274


invoke_id: 00 01
command_type: 00 01
length: 01 0C = 268

m_obj_class: 00 21
context_id 00 00
handle: 00 00
event_time: 0C F6 5A 00
event_type: 0A 06
length: 00 FE = 254

m_obj_class: 00 21 
context_id: 00 00
handle: 00 00

count: 00 11
length: 00 F4

att_id: 09 84 NOM_ATTR_SYS_ID
length: 00 08

 00 06 00 09 FB 70 57 1D

att_id: 09 86 NOM_ATTR_SYS_TYPE
length: 00 00

 01 11 4D 09 1D 
00 02 03 EA 09 28 00 12  00 08 50 68 69 6C 69 70 
73 00 00 06 4D 38 30 30  30 00 09 48 00 00 01 00 
00 09 37 00 08 06 32 06  32 00 01 00 0B 09 46 00 
02 40 00 09 0A 00 02 00  01 09 35 00 02 00 02 09 
82 00 02 00 02 09 0C 00  02 00 00 F1 FA 00 14 00 
01 00 10 00 01 00 0C 00  06 FF FF FF FF 00 06 00 
01 82 CD 09 A7 00 02 00  06 09 1E 00 24 00 22 00 
00 00 00 00 00 00 00 00  00 00 00 00 00 00 00 00 
00 00 00 00 00 00 00 00  00 00 00 00 00 00 00 00 
00 09 87 00 08 20 11 12  07 17 53 38 00 09 8F 00 
0C F6 5A 00 09 85 00 34  00 01 00 30 01 02 00 2C 
00 05 00 28 00 01 00 21  00 00 00 01 00 01 00 06 
00 00 00 C9 00 01 00 09  00 00 00 3C 00 01 00 2A 
00 00 00 01 00 01 00 36  00 00 00 01 

FCS: 4B 4D
EOF: C1 





pt_demog

C0 11 01 00 AC E1 00 00  02 00 02 00 A4 00 02 00
07 00 9E 00 21 00 00 00  00 0C 16 00 94 00 09 02 
D1 01 00 FF FF FF FF FF  FF FF FF 00 01 00 36 00 
00 00 01 00 7C 00 00 00  01 00 76 84 01 00 05 00 
70 09 21 00 02 84 01 09  2F 00 00 01 00 36 09 16 
00 0A 10 00 07 05 00 00  00 02 00 00 09 02 00 00
00 00 00 09 00 48 00 01  00 44 01 00 01 12 00 02
10 00 00 02 00 01 82 C5  02 00 32 00 00 00 03 01 
0C 00 02 78 00 00 26 00  45 00 43 00 47 00 20 00 
20 00 20 00 20 00 4C 00  45 00 41 00 44 00 53 00 
20 00 4F 00 46 00 46 00  20 00 20 00 00 39 64 C1